PlaceCurve:	-12.89115:5.123522:0.5949994	0:0:0
PlaceCurve:	-9.329412:5.699988:0.5949993	0:0:0
PlaceCurve:	-8.711769:4.526467:0.5949995	0:0:0
PlaceCurve:	-10.33823:4.073529:0.5949996	0:0:0
